   1.9200000e+03   7.0245357e-01   3.0346478e-02
   1.9210000e+03   5.0263187e-01   5.9123628e-02
   1.9220000e+03   3.8186111e-01   7.9216504e-02
   1.9230000e+03   3.8656929e-01   9.4764899e-02
   1.9240000e+03   5.9757731e-01   5.1395875e-02
   1.9250000e+03   8.5957924e-01   2.7453545e-02
   1.9260000e+03   4.2677218e-01   6.3326950e-02
   1.9270000e+03   6.2433792e-01   6.7525318e-02
   1.9280000e+03   6.2276919e-01   5.5460991e-02
   1.9290000e+03   6.5981020e-01   3.7021754e-02
   1.9300000e+03   3.7617059e-01   1.0048665e-01
   1.9310000e+03   1.0623306e+00   1.2809530e-02
   1.9320000e+03   6.1033204e-01   4.9800559e-02
   1.9330000e+03   6.4039245e-01   3.3567488e-02
   1.9340000e+03   5.4704690e-01   4.7277435e-02
   1.9350000e+03   5.3851278e-01   6.6357028e-02
   1.9360000e+03   5.2523676e-01   6.2760959e-02
   1.9370000e+03   6.3823352e-01   4.5785299e-02
   1.9380000e+03   4.8522456e-01   7.5540071e-02
   1.9390000e+03   4.4024049e-01   7.2447878e-02
   1.9400000e+03   4.3183869e-01   7.2947618e-02
   1.9410000e+03   5.9888592e-01   5.1487366e-02
   1.9420000e+03   3.9882498e-01   8.0971615e-02
   1.9430000e+03   5.3349674e-01   7.3214142e-02
   1.9440000e+03   4.2425000e-01   1.1017545e-01
   1.9450000e+03   4.5582017e-01   8.1269193e-02
   1.9460000e+03   4.3371442e-01   8.3138433e-02
   1.9470000e+03   5.2790149e-01   6.1059577e-02
   1.9480000e+03   8.8818086e-01   3.4232280e-02
   1.9490000e+03   5.3837516e-01   5.2575575e-02
   1.9500000e+03   4.9645204e-01   4.4844162e-02
   1.9510000e+03   6.8174552e-01   4.8720622e-02
   1.9520000e+03   5.0553709e-01   7.1102771e-02
   1.9530000e+03   5.2642112e-01   4.8864439e-02
   1.9540000e+03   7.6699380e-01   4.2097737e-02
   1.9550000e+03   5.8235676e-01   5.1813446e-02
   1.9560000e+03   5.4230392e-01   5.6782265e-02
   1.9570000e+03   4.3181048e-01   6.8186689e-02
   1.9580000e+03   5.5353765e-01   4.0947280e-02
   1.9590000e+03   3.7869574e-01   6.6346349e-02
   1.9600000e+03   4.7830905e-01   6.1560402e-02
   1.9610000e+03   3.6156525e-01   8.6487709e-02
   1.9620000e+03   5.6851277e-01   5.5736590e-02
   1.9630000e+03   5.0300186e-01   5.7310427e-02
   1.9640000e+03   7.6025689e-01   3.6572884e-02
   1.9650000e+03   7.8662833e-01   3.2294746e-02
   1.9660000e+03   4.9567502e-01   6.6210166e-02
   1.9670000e+03   5.1590818e-01   5.5010219e-02
   1.9680000e+03   5.4165202e-01   7.0074881e-02
   1.9690000e+03   5.3976673e-01   4.2146772e-02
   1.9700000e+03   3.2050852e-01   8.9200264e-02
   1.9710000e+03   2.4797508e-01   1.0100085e-01
   1.9720000e+03   3.3388914e-01   6.2410012e-02
   1.9730000e+03   4.0893988e-01   4.0201968e-02
   1.9740000e+03   3.2551252e-01   8.3955429e-02
   1.9750000e+03   3.6696700e-01   4.8146876e-02
   1.9760000e+03   3.4549747e-01   5.0603813e-02
   1.9770000e+03   3.3645174e-01   7.7727548e-02
   1.9780000e+03   4.6958860e-01   3.2295604e-02
   1.9790000e+03   6.2053852e-01   2.0864921e-02
   1.9800000e+03   3.2014778e-01   6.8413674e-02
   1.9810000e+03   3.4652819e-01   6.8014760e-02
   1.9820000e+03   2.4686282e-01   6.1902843e-02
   1.9830000e+03   3.4991777e-01   6.9933688e-02
   1.9840000e+03   3.8199108e-01   8.1644812e-02
   1.9850000e+03   3.5298909e-01   7.9408956e-02
   1.9860000e+03   4.3402399e-01   4.8628609e-02
   1.9870000e+03   3.0718125e-01   7.6199441e-02
   1.9880000e+03   3.5472729e-01   6.3464947e-02
   1.9890000e+03   4.0173004e-01   4.9889149e-02
   1.9900000e+03   4.6425038e-01   3.6133884e-02
   1.9910000e+03   2.9004128e-01   7.2939419e-02
   1.9920000e+03   3.6593753e-01   5.2927548e-02
   1.9930000e+03   3.4734051e-01   6.0928691e-02
   1.9940000e+03   3.9682628e-01   4.4141050e-02
   1.9950000e+03   5.4811438e-01   2.8989711e-02
   1.9960000e+03   4.5117444e-01   6.3431727e-02
   1.9970000e+03   3.0688427e-01   5.8757218e-02
   1.9980000e+03   3.0718451e-01   8.3980558e-02
   1.9990000e+03   2.5836779e-01   7.6034081e-02
   2.0000000e+03   3.6055804e-01   8.1066092e-02
   2.0010000e+03   4.7000585e-01   4.5022465e-02
   2.0020000e+03   3.6274164e-01   4.1273470e-02
   2.0030000e+03   5.4972647e-01   3.4618265e-02
   2.0040000e+03   2.8647755e-01   6.9959612e-02
   2.0050000e+03   2.6642219e-01   1.1578162e-01
   2.0060000e+03   3.6538306e-01   7.4551441e-02
   2.0070000e+03   4.2062576e-01   4.4538718e-02
   2.0080000e+03   4.0971174e-01   7.6732675e-02
   2.0090000e+03   5.6476006e-01   3.7433394e-02
   2.0100000e+03   4.9857744e-01   3.1510598e-02
   2.0110000e+03   2.4295000e-01   7.4348846e-02
   2.0120000e+03   4.0014187e-01   4.4441890e-02
   2.0130000e+03   3.0510501e-01   6.6319718e-02
   2.0140000e+03   2.6348451e-01   8.8130703e-02
   2.0150000e+03   2.8939743e-01   6.8022493e-02
   2.0160000e+03   3.1531161e-01   7.8593206e-02
   2.0170000e+03   6.1010750e-01   2.7883956e-02
   2.0180000e+03   2.9408135e-01   7.3230725e-02
   2.0190000e+03   2.6147876e-01   1.0277005e-01
